1
5
1.00
1
5
1.01
1
5
1.03
1
5
1.04
1
5
1.05
1
5
1.07
1
5
1.08
1
5
1.09
1
5
1.10
1
5
1.11
1
5
1.12
1
5
1.14
1
5
1.15
1
5
1.16
1
5
1.17
1
5
1.18
1
5
1.20
1
5
1.21
1
5
1.22
1
5
1.23
1
5
1.24
1
5
1.25
1
5
1.27
1
5
1.28
1
5
1.29
1
5
1.30
1
5
1.31
1
5
1.32
1
5
1.33
1
5
1.35
1
5
1.36
1
5
1.37
1
5
1.38
1
5
1.39
1
5
1.40
1
5
1.42
1
5
1.43
1
5
1.44
1
5
1.45
1
5
1.46
1
5
1.47
1
5
1.49
1
5
1.50
1
5
1.51
1
5
1.52
1
5
1.53
1
5
1.54
1
5
1.55
1
5
1.56
1
5
1.58
1
5
1.59
1
5
1.60
1
5
1.61
1
5
1.62
1
5
1.64
1
5
1.65
1
5
1.66
1
5
1.67
1
5
1.68
1
5
1.69
1
5
1.70
1
5
1.71
1
5
1.73
1
5
1.74
1
5
1.75
1
5
1.76
1
5
1.77
1
5
1.78
1
5
1.80
1
5
1.81
1
5
1.82
1
5
1.83
1
5
1.84
1
5
1.85
1
5
1.86
1
5
1.88
1
5
1.89
1
5
1.90
1
5
1.91
1
5
1.92
1
5
1.93
1
5
1.94
1
5
1.96
1
5
1.97
1
5
1.98
1
5
1.99
1
5
2.00
1
5
2.01
1
5
2.03
1
5
2.04
1
5
2.05
1
5
2.06
1
5
2.07
1
5
2.08
1
5
2.10
1
5
2.11
1
5
2.12
1
5
2.13
1
5
2.14
1
5
2.15
1
5
2.17
1
5
2.18
1
5
2.19
1
5
2.20
1
5
2.21
1
5
2.22
1
5
2.24
1
5
2.24
1
5
2.26
1
5
2.27
1
5
2.28
1
5
2.29
1
5
2.31
1
5
2.32
1
5
2.33
1
5
2.34
1
5
2.35
1
5
2.36
1
5
2.37
1
5
2.38
1
5
2.40
1
5
2.41
1
5
2.42
1
5
2.43
1
5
2.44
1
5
2.45
1
5
2.47
1
5
2.48
1
5
2.49
1
5
2.50
1
5
2.51
1
5
2.52
1
5
2.53
1
5
2.55
1
5
2.56
1
5
2.57
1
5
2.58
1
5
2.59
1
5
2.60
1
5
2.62
1
5
2.63
1
5
2.64
1
5
2.65
1
5
2.66
1
5
2.67
1
5
2.69
1
5
2.70
1
5
2.71
1
5
2.72
1
5
2.73
1
5
2.74
1
5
2.76
1
5
2.77
1
5
2.78
1
5
2.79
1
5
2.80
1
5
2.81
1
5
2.80
1
5
2.80
1
5
2.80
1
5
2.80
1
5
2.80
1
5
2.80
1
5
2.80
1
5
2.80
1
5
2.80
1
5
2.80
1
5
2.80
1
5
2.80
1
5
2.80
1
5
2.80
1
5
2.80
1
5
2.80
1
5
2.80
1
5
2.80
1
5
2.80
1
5
2.80
1
5
2.80
1
5
2.80
1
5
2.80
1
5
2.80
1
5
2.80
1
5
2.80
1
5
2.80
1
5
2.80
1
5
2.80
1
5
2.80
1
5
2.80
1
5
2.80
1
5
2.80
1
5
2.80
1
5
2.80
1
5
2.80
1
5
2.80
1
5
2.80
1
5
2.80
1
5
2.80
1
5
2.80
1
5
2.80
1
5
2.80
1
5
2.80
1
5
2.80
1
5
2.80
1
5
2.80
1
5
2.80
1
5
2.80
1
5
2.80
1
5
2.80
1
5
2.80
1
5
2.80
1
5
2.80
1
5
2.80
1
5
2.80
1
5
2.80
1
5
2.80
1
5
2.80
1
5
2.80
1
5
2.80
1
5
2.80
1
5
2.80
1
5
2.80
1
5
2.80
1
5
2.80
1
5
2.80
1
5
2.80
1
5
2.80
1
5
2.80
1
5
2.80
1
5
2.79
1
5
2.80
1
5
2.80
1
5
2.80
1
5
2.80
1
5
2.80
1
5
2.80
1
5
2.80
1
5
2.80
1
5
2.80
1
5
2.80
1
5
2.80
1
5
2.80
1
5
2.80
1
5
2.80
1
5
2.79
1
5
2.79
1
5
2.78
1
5
2.78
1
5
2.78
1
5
2.78
1
5
2.78
1
5
2.78
1
5
2.77
1
5
2.77
1
5
2.77
1
5
2.77
1
5
2.76
1
5
2.76
1
5
2.76
1
5
2.76
1
5
2.76
1
5
2.75
1
5
2.75
1
5
2.75
1
5
2.74
1
5
2.74
1
5
2.74
1
5
2.74
1
5
2.74
1
5
2.73
1
5
2.73
1
5
2.73
1
5
2.73
1
5
2.73
1
5
2.72
1
5
2.72
1
5
2.72
1
5
2.72
1
5
2.71
1
5
2.71
1
5
2.71
1
5
2.71
1
5
2.70
1
5
2.70
1
5
2.70
1
5
2.70
1
5
2.69
1
5
2.69
1
5
2.69
1
5
2.69
1
5
2.69
1
5
2.68
1
5
2.68
1
5
2.68
1
5
2.68
1
5
2.67
1
5
2.67
1
5
2.67
1
5
2.67
1
5
2.67
1
5
2.66
1
5
2.66
1
5
2.66
1
5
2.66
1
5
2.65
1
5
2.65
1
5
2.65
1
5
2.65
1
5
2.65
1
5
2.64
1
5
2.64
1
5
2.64
1
5
2.64
1
5
2.63
1
5
2.63
1
5
2.63
1
5
2.63
1
5
2.62
1
5
2.62
1
5
2.62
1
5
2.62
1
5
2.61
1
5
2.61
1
5
2.61
1
5
2.61
1
5
2.61
1
5
2.60
1
5
2.60
1
5
2.60
1
5
2.60
1
5
2.60
1
5
2.59
1
5
2.59
1
5
2.59
1
5
2.59
1
5
2.58
1
5
2.58
1
5
2.58
1
5
2.58
1
5
2.57
1
5
2.57
1
5
2.57
1
5
2.57
1
5
2.57
1
5
2.56
1
5
2.56
1
5
2.56
1
5
2.56
1
5
2.56
1
5
2.55
1
5
2.55
1
5
2.55
1
5
2.55
1
5
2.54
1
5
2.54
1
5
2.54
1
5
2.53
1
5
2.53
1
5
2.53
1
5
2.53
1
5
2.53
1
5
2.52
1
5
2.52
1
5
2.52
1
5
2.52
1
5
2.52
1
5
2.51
1
5
2.51
1
5
2.51
1
5
2.51
1
5
2.50
1
5
2.50
1
5
2.50
1
5
2.50
1
5
2.49
1
5
2.49
1
5
2.49
1
5
2.49
1
5
2.49
1
5
2.48
1
5
2.48
1
5
2.48
1
5
2.48
1
5
2.47
1
5
2.47
1
5
2.47
1
5
2.47
1
5
2.47
1
5
2.46
1
5
2.46
1
5
2.46
1
5
2.46
1
5
2.45
1
5
2.45
1
5
2.45
1
5
2.45
1
5
2.45
1
5
2.44
1
5
2.44
1
5
2.44
1
5
2.44
1
5
2.43
1
5
2.43
1
5
2.43
1
5
2.43
1
5
2.42
1
5
2.42
1
5
2.42
1
5
2.42
1
5
2.41
1
5
2.41
1
5
2.41
1
5
2.41
1
5
2.41
1
5
2.40
1
5
2.40
1
5
2.40
1
5
2.40
1
5
2.39
1
5
2.39
1
5
2.39
1
5
2.39
1
5
2.39
1
5
2.38
1
5
2.38
1
5
2.38
1
5
2.38
1
5
2.37
1
5
2.37
1
5
2.37
1
5
2.37
1
5
2.36
1
5
2.36
1
5
2.36
1
5
2.36
1
5
2.35
1
5
2.35
1
5
2.35
1
5
2.35
1
5
2.35
1
5
2.35
1
5
2.34
1
5
2.34
1
5
2.34
1
5
2.33
1
5
2.33
1
5
2.33
1
5
2.33
1
5
2.33
1
5
2.32
1
5
2.32
1
5
2.32
1
5
2.32
1
5
2.32
1
5
2.31
1
5
2.31
1
5
2.31
1
5
2.31
1
5
2.30
1
5
2.30
1
5
2.30
1
5
2.30
1
5
2.29
1
5
2.29
1
5
2.29
1
5
2.29
1
5
2.28
1
5
2.28
1
5
2.28
1
5
2.28
1
5
2.28
1
5
2.27
1
5
2.27
1
5
2.27
1
5
2.27
1
5
2.26
1
5
2.26
1
5
2.26
1
5
2.26
1
5
2.26
1
5
2.25
1
5
2.25
1
5
2.25
1
5
2.25
1
5
2.24
1
5
2.24
1
5
2.24
1
5
2.24
1
5
2.24
1
5
2.23
1
5
2.23
1
5
2.23
1
5
2.20
1
5
2.16
1
5
2.12
1
5
2.08
1
5
2.04
1
5
2.00
1
5
1.97
1
5
1.93
1
5
1.90
1
5
1.87
1
5
1.84
1
5
1.72
1
5
1.53
1
5
1.39
1
5
1.28
1
5
1.19
1
5
1.13
1
5
1.08
1
5
1.05
1
5
1.02
1
5
1.01
1
5
1.03
1
5
1.03
1
5
1.03
1
5
1.02
1
5
1.00
