1
5
1.00
1
5
1.01
1
5
1.03
1
5
1.05
1
5
1.07
1
5
1.09
1
5
1.11
1
5
1.13
1
5
1.15
1
5
1.16
1
5
1.18
1
5
1.20
1
5
1.22
1
5
1.24
1
5
1.26
1
5
1.27
1
5
1.29
1
5
1.31
1
5
1.33
1
5
1.35
1
5
1.37
1
5
1.40
1
5
1.42
1
5
1.44
1
5
1.46
1
5
1.49
1
5
1.51
1
5
1.53
1
5
1.55
1
5
1.58
1
5
1.60
1
5
1.63
1
5
1.65
1
5
1.68
1
5
1.70
1
5
1.73
1
5
1.75
1
5
1.78
1
5
1.81
1
5
1.84
1
5
1.87
1
5
1.90
1
5
1.93
1
5
1.96
1
5
1.98
1
5
2.01
1
5
2.05
1
5
2.08
1
5
2.11
1
5
2.14
1
5
2.17
1
5
2.21
1
5
2.24
1
5
2.28
1
5
2.31
1
5
2.35
1
5
2.38
1
5
2.42
1
5
2.46
1
5
2.49
1
5
2.53
1
5
2.57
1
5
2.60
1
5
2.64
1
5
2.68
1
5
2.71
1
5
2.75
1
5
2.78
1
5
2.82
1
5
2.85
1
5
2.85
1
5
2.83
1
5
2.82
1
5
2.81
1
5
2.81
1
5
2.85
1
5
2.88
1
5
2.92
1
5
2.95
1
5
2.98
1
5
3.01
1
5
2.96
1
5
2.91
1
5
2.86
1
5
2.82
1
5
2.77
1
5
2.73
1
5
2.69
1
5
2.65
1
5
2.61
1
5
2.57
1
5
2.53
1
5
2.49
1
5
2.45
1
5
2.41
1
5
2.38
1
5
2.34
1
5
2.31
1
5
2.28
1
5
2.24
1
5
2.21
1
5
2.17
1
5
2.14
1
5
2.10
1
5
2.07
1
5
2.04
1
5
2.01
1
5
1.98
1
5
1.95
1
5
1.92
1
5
1.89
1
5
1.86
1
5
1.83
1
5
1.81
1
5
1.78
1
5
1.75
1
5
1.73
1
5
1.70
1
5
1.67
1
5
1.65
1
5
1.62
1
5
1.60
1
5
1.58
1
5
1.55
1
5
1.53
1
5
1.51
1
5
1.48
1
5
1.46
1
5
1.44
1
5
1.42
1
5
1.40
1
5
1.38
1
5
1.36
1
5
1.33
1
5
1.31
1
5
1.29
1
5
1.27
1
5
1.26
1
5
1.24
1
5
1.22
1
5
1.20
1
5
1.19
1
5
1.17
1
5
1.15
1
5
1.13
1
5
1.12
1
5
1.11
1
5
1.09
1
5
1.08
1
5
1.07
1
5
1.06
1
5
1.05
1
5
1.04
1
5
1.03
1
5
1.02
1
5
1.02
1
5
1.01
1
5
1.01
1
5
1.01
1
5
1.01
1
5
1.00
1
5
1.00
1
5
1.00
1
5
1.00
1
5
1.00
1
5
1.00
1
5
1.00
1
5
1.00
1
5
1.00
1
5
1.00
