1
5
1.00
1
5
1.02
1
5
1.03
1
5
1.05
1
5
1.07
1
5
1.09
1
5
1.11
1
5
1.13
1
5
1.15
1
5
1.16
1
5
1.18
1
5
1.20
1
5
1.22
1
5
1.24
1
5
1.26
1
5
1.28
1
5
1.29
1
5
1.32
1
5
1.33
1
5
1.36
1
5
1.37
1
5
1.40
1
5
1.42
1
5
1.44
1
5
1.46
1
5
1.49
1
5
1.51
1
5
1.53
1
5
1.56
1
5
1.58
1
5
1.60
1
5
1.63
1
5
1.65
1
5
1.68
1
5
1.70
1
5
1.73
1
5
1.76
1
5
1.79
1
5
1.81
1
5
1.84
1
5
1.87
1
5
1.90
1
5
1.93
1
5
1.96
1
5
1.99
1
5
2.02
1
5
2.05
1
5
2.08
1
5
2.11
1
5
2.14
1
5
2.18
1
5
2.21
1
5
2.24
1
5
2.28
1
5
2.31
1
5
2.35
1
5
2.39
1
5
2.42
1
5
2.46
1
5
2.49
1
5
2.53
1
5
2.57
1
5
2.61
1
5
2.65
1
5
2.69
1
5
2.72
1
5
2.76
1
5
2.79
1
5
2.83
1
5
2.86
1
5
2.90
1
5
2.91
1
5
2.89
1
5
2.88
1
5
2.85
1
5
2.80
1
5
2.75
1
5
2.71
1
5
2.66
1
5
2.62
1
5
2.58
1
5
2.54
1
5
2.50
1
5
2.47
1
5
2.10
1
5
1.83
1
5
1.64
1
5
1.50
1
5
1.38
1
5
1.28
1
5
1.20
1
5
1.14
1
5
1.09
1
5
1.06
1
5
1.03
1
5
1.02
1
5
1.01
1
5
1.01
1
5
1.03
