1
5
1.00
1
5
1.01
1
5
1.03
1
5
1.05
1
5
1.07
1
5
1.09
1
5
1.10
1
5
1.12
1
5
1.13
1
5
1.15
1
5
1.17
1
5
1.19
1
5
1.20
1
5
1.22
1
5
1.24
1
5
1.26
1
5
1.28
1
5
1.29
1
5
1.31
1
5
1.33
1
5
1.35
1
5
1.37
1
5
1.39
1
5
1.41
1
5
1.43
1
5
1.45
1
5
1.48
1
5
1.50
1
5
1.52
1
5
1.54
1
5
1.56
1
5
1.58
1
5
1.61
1
5
1.64
1
5
1.66
1
5
1.68
1
5
1.70
1
5
1.73
1
5
1.75
1
5
1.78
1
5
1.81
1
5
1.83
1
5
1.86
1
5
1.89
1
5
1.91
1
5
1.94
1
5
1.97
1
5
2.00
1
5
2.01
1
5
2.00
1
5
1.99
1
5
1.95
1
5
1.92
1
5
1.89
1
5
1.86
1
5
1.83
1
5
1.81
1
5
1.78
1
5
1.75
1
5
1.73
1
5
1.70
1
5
1.68
1
5
1.65
1
5
1.63
1
5
1.61
1
5
1.58
1
5
1.56
1
5
1.54
1
5
1.52
1
5
1.50
1
5
1.47
1
5
1.45
1
5
1.43
1
5
1.41
1
5
1.39
1
5
1.37
1
5
1.35
1
5
1.33
1
5
1.31
1
5
1.29
1
5
1.28
1
5
1.26
1
5
1.24
1
5
1.22
1
5
1.21
1
5
1.19
1
5
1.17
1
5
1.16
1
5
1.14
1
5
1.12
1
5
1.11
1
5
1.10
1
5
1.08
1
5
1.07
1
5
1.06
1
5
1.05
1
5
1.04
1
5
1.03
1
5
1.03
1
5
1.02
1
5
1.01
