1
5
1.01
1
5
1.01
1
5
1.02
1
5
1.03
1
5
1.04
1
5
1.04
1
5
1.04
1
5
1.04
1
5
1.04
1
5
1.04
1
5
1.04
1
5
1.04
1
5
1.04
1
5
1.04
1
5
1.04
1
5
1.04
1
5
1.04
1
5
1.04
1
5
1.04
1
5
1.04
1
5
1.04
1
5
1.04
1
5
1.04
1
5
1.04
1
5
1.04
1
5
1.04
1
5
1.04
1
5
1.04
1
5
1.04
1
5
1.04
1
5
1.04
1
5
1.04
1
5
1.04
1
5
1.04
1
5
1.04
1
5
1.04
1
5
1.04
1
5
1.04
1
5
1.04
1
5
1.04
1
5
1.04
1
5
1.04
1
5
1.04
1
5
1.04
1
5
1.04
1
5
1.04
1
5
1.04
1
5
1.04
1
5
1.04
1
5
1.04
1
5
1.04
1
5
1.04
1
5
1.04
1
5
1.04
1
5
1.04
1
5
1.04
1
5
1.04
1
5
1.04
1
5
1.04
1
5
1.04
1
5
1.04
1
5
1.04
1
5
1.04
1
5
1.04
1
5
1.04
1
5
1.04
1
5
1.04
1
5
1.04
1
5
1.04
1
5
1.04
1
5
1.04
1
5
1.04
1
5
1.04
1
5
1.04
1
5
1.04
1
5
1.04
1
5
1.04
1
5
1.04
1
5
1.04
1
5
1.04
1
5
1.04
1
5
1.04
1
5
1.04
1
5
1.04
1
5
1.04
1
5
1.04
1
5
1.04
1
5
1.04
1
5
1.04
1
5
1.04
1
5
1.04
1
5
1.04
1
5
1.04
1
5
1.04
1
5
1.04
1
5
1.04
1
5
1.04
1
5
1.04
1
5
1.04
1
5
1.04
1
5
1.04
1
5
1.04
1
5
1.04
1
5
1.04
1
5
1.04
1
5
1.04
1
5
1.04
1
5
1.04
1
5
1.04
1
5
1.04
1
5
1.04
1
5
1.04
1
5
1.04
1
5
1.04
1
5
1.04
1
5
1.04
1
5
1.04
1
5
1.04
1
5
1.04
1
5
1.04
1
5
1.04
1
5
1.04
1
5
1.04
1
5
1.04
1
5
1.04
1
5
1.04
1
5
1.04
1
5
1.04
1
5
1.04
1
5
1.04
1
5
1.04
0
1582
1.04
1
5
1.00
1
5
1.00
1
5
1.00
1
5
1.00
1
5
1.00
1
5
1.00
1
5
1.00
1
5
1.00
1
5
1.00
1
5
1.00
1
5
1.00
1
5
1.00
1
5
1.00
1
5
1.00
1
5
1.00
1
5
1.00
1
5
1.00
1
5
1.00
0
9
1.00
1
5
1.00
1
5
1.00
1
5
1.00
1
2
1.00
